0,0,0,0,0,0,0,0,0,0,0,0,0,0,0,0,0,0,0,0,0,0,0,0,0,0,0,0,0,0,0,0,0,0,0,0,0,0,0,0,0,0,0,0,0,0,0,0,0,0,0,0,0,0,0,0,0,0,0,0,0,0,0,0,0,0,0,0,0,0,0,0,0,0,0,0,0,0,0,0,0,0,0,0,0,0,0,0,0,0,0,0,0,0,0,0,0,0,0,0,0,0,0,0,0,0,0,0,0,0,0,0,0,0,0,0,0,0,0,0,0,0,0,0,0,0,0,0,0,0,0,0,0,0,0,0,0,0,0,0,0,0,0,0,0,0,0,0,0,0,0,0,0,0,0,0,0,0,0,0,0,0,0,0,0,0,0,0,0,0,0,0,0,0,0,0,0,0,0,0,0,0,0,0,0,0,0,0,0,0,0,0,0,0,0,0,0,0,0,0,0,0
0,0.00010214,0.00020429,0.00030643,0.00040857,0.00051071,0.00061285,0.00071499,0.00081713,0.00091927,0.0010214,0.0011235,0.0012256,0.0013277,0.0014298,0.0015319,0.001634,0.001736,0.001838,0.00194,0.0020419,0.0021438,0.0022456,0.0023474,0.0024491,0.0025507,0.0026522,0.0027537,0.002855,0.0029561,0.0030572,0.003158,0.0032587,0.0033592,0.0034595,0.0035596,0.0036594,0.003759,0.0038582,0.0039572,0.0040557,0.004154,0.0042518,0.0043492,0.0044461,0.0045426,0.0046385,0.0047339,0.0048287,0.0049228,0.0050163,0.0051091,0.0052012,0.0052925,0.005383,0.0054726,0.0055612,0.005649,0.0057357,0.0058214,0.005906,0.0059894,0.0060717,0.0061527,0.0062324,0.0063108,0.0063878,0.0064633,0.0065374,0.0066098,0.0066807,0.00675,0.0068175,0.0068833,0.0069472,0.0070093,0.0070695,0.0071277,0.0071839,0.0072381,0.0072901,0.00734,0.0073877,0.0074332,0.0074764,0.0075173,0.0075558,0.0075919,0.0076256,0.0076568,0.0076855,0.0077117,0.0077354,0.0077565,0.007775,0.0077909,0.0078042,0.0078148,0.0078228,0.0078281,0.0078308,0.0078308,0.0078281,0.0078228,0.0078148,0.0078042,0.0077909,0.007775,0.0077565,0.0077354,0.0077117,0.0076855,0.0076568,0.0076256,0.0075919,0.0075558,0.0075173,0.0074764,0.0074332,0.0073877,0.00734,0.0072901,0.0072381,0.0071839,0.0071277,0.0070695,0.0070093,0.0069472,0.0068833,0.0068175,0.00675,0.0066807,0.0066098,0.0065374,0.0064633,0.0063878,0.0063108,0.0062324,0.0061527,0.0060717,0.0059894,0.005906,0.0058214,0.0057357,0.005649,0.0055612,0.0054726,0.005383,0.0052925,0.0052012,0.0051091,0.0050163,0.0049228,0.0048287,0.0047339,0.0046385,0.0045426,0.0044461,0.0043492,0.0042518,0.004154,0.0040557,0.0039572,0.0038582,0.003759,0.0036594,0.0035596,0.0034595,0.0033592,0.0032587,0.003158,0.0030572,0.0029561,0.002855,0.0027537,0.0026522,0.0025507,0.0024491,0.0023474,0.0022456,0.0021438,0.0020419,0.00194,0.001838,0.001736,0.001634,0.0015319,0.0014298,0.0013277,0.0012256,0.0011235,0.0010214,0.00091927,0.00081713,0.00071499,0.00061285,0.00051071,0.00040857,0.00030643,0.00020429,0.00010214,0
0,0.00020429,0.00040857,0.00061286,0.00081714,0.0010214,0.0012257,0.00143,0.0016343,0.0018385,0.0020428,0.0022471,0.0024513,0.0026555,0.0028597,0.0030639,0.003268,0.0034721,0.0036761,0.00388,0.0040839,0.0042877,0.0044913,0.0046949,0.0048983,0.0051015,0.0053046,0.0055074,0.00571,0.0059124,0.0061145,0.0063163,0.0065177,0.0067187,0.0069193,0.0071195,0.0073191,0.0075182,0.0077168,0.0079147,0.0081119,0.0083083,0.008504,0.0086988,0.0088927,0.0090857,0.0092776,0.0094684,0.009658,0.0098463,0.010033,0.010219,0.010403,0.010586,0.010767,0.010946,0.011123,0.011299,0.011472,0.011644,0.011813,0.01198,0.012145,0.012307,0.012466,0.012623,0.012777,0.012928,0.013076,0.013221,0.013363,0.013502,0.013637,0.013768,0.013896,0.014021,0.014141,0.014257,0.01437,0.014478,0.014582,0.014682,0.014778,0.014869,0.014955,0.015037,0.015114,0.015186,0.015254,0.015316,0.015374,0.015426,0.015473,0.015516,0.015553,0.015584,0.015611,0.015632,0.015648,0.015659,0.015664,0.015664,0.015659,0.015648,0.015632,0.015611,0.015584,0.015553,0.015516,0.015473,0.015426,0.015374,0.015316,0.015254,0.015186,0.015114,0.015037,0.014955,0.014869,0.014778,0.014682,0.014582,0.014478,0.01437,0.014257,0.014141,0.014021,0.013896,0.013768,0.013637,0.013502,0.013363,0.013221,0.013076,0.012928,0.012777,0.012623,0.012466,0.012307,0.012145,0.01198,0.011813,0.011644,0.011472,0.011299,0.011123,0.010946,0.010767,0.010586,0.010403,0.010219,0.010033,0.0098463,0.009658,0.0094684,0.0092776,0.0090857,0.0088927,0.0086988,0.008504,0.0083083,0.0081119,0.0079147,0.0077168,0.0075182,0.0073191,0.0071195,0.0069193,0.0067187,0.0065177,0.0063163,0.0061145,0.0059124,0.00571,0.0055074,0.0053046,0.0051015,0.0048983,0.0046949,0.0044913,0.0042877,0.0040839,0.00388,0.0036761,0.0034721,0.003268,0.0030639,0.0028597,0.0026555,0.0024513,0.0022471,0.0020428,0.0018385,0.0016343,0.00143,0.0012257,0.0010214,0.00081714,0.00061286,0.00040857,0.00020429,0
0,0.00030643,0.00061286,0.00091928,0.0012257,0.0015321,0.0018386,0.002145,0.0024514,0.0027578,0.0030642,0.0033706,0.003677,0.0039833,0.0042896,0.0045958,0.004902,0.0052082,0.0055142,0.0058201,0.006126,0.0064316,0.0067372,0.0070425,0.0073476,0.0076525,0.0079571,0.0082614,0.0085654,0.008869,0.0091721,0.0094748,0.009777,0.010079,0.01038,0.01068,0.010979,0.011278,0.011576,0.011873,0.012169,0.012463,0.012757,0.013049,0.01334,0.01363,0.013918,0.014204,0.014489,0.014771,0.015052,0.01533,0.015607,0.015881,0.016152,0.016421,0.016688,0.016951,0.017211,0.017469,0.017723,0.017973,0.01822,0.018463,0.018703,0.018938,0.019169,0.019396,0.019618,0.019836,0.020049,0.020257,0.02046,0.020657,0.020849,0.021036,0.021216,0.021391,0.02156,0.021723,0.021879,0.022029,0.022172,0.022309,0.022438,0.022561,0.022677,0.022785,0.022887,0.02298,0.023067,0.023145,0.023217,0.02328,0.023336,0.023383,0.023423,0.023455,0.023479,0.023495,0.023503,0.023503,0.023495,0.023479,0.023455,0.023423,0.023383,0.023336,0.02328,0.023217,0.023145,0.023067,0.02298,0.022887,0.022785,0.022677,0.022561,0.022438,0.022309,0.022172,0.022029,0.021879,0.021723,0.02156,0.021391,0.021216,0.021036,0.020849,0.020657,0.02046,0.020257,0.020049,0.019836,0.019618,0.019396,0.019169,0.018938,0.018703,0.018463,0.01822,0.017973,0.017723,0.017469,0.017211,0.016951,0.016688,0.016421,0.016152,0.015881,0.015607,0.01533,0.015052,0.014771,0.014489,0.014204,0.013918,0.01363,0.01334,0.013049,0.012757,0.012463,0.012169,0.011873,0.011576,0.011278,0.010979,0.01068,0.01038,0.010079,0.009777,0.0094748,0.0091721,0.008869,0.0085654,0.0082614,0.0079571,0.0076525,0.0073476,0.0070425,0.0067372,0.0064316,0.006126,0.0058201,0.0055142,0.0052082,0.004902,0.0045958,0.0042896,0.0039833,0.003677,0.0033706,0.0030642,0.0027578,0.0024514,0.002145,0.0018386,0.0015321,0.0012257,0.00091928,0.00061286,0.00030643,0
0,0.00040857,0.00081714,0.0012257,0.0016343,0.0020429,0.0024514,0.00286,0.0032686,0.0036771,0.0040857,0.0044942,0.0049027,0.0053111,0.0057195,0.0061279,0.0065362,0.0069444,0.0073524,0.0077604,0.0081682,0.0085758,0.0089832,0.0093903,0.0097972,0.010204,0.01061,0.011016,0.011421,0.011826,0.01223,0.012634,0.013037,0.013439,0.01384,0.014241,0.01464,0.015039,0.015436,0.015832,0.016227,0.01662,0.017011,0.017401,0.017789,0.018175,0.01856,0.018941,0.019321,0.019698,0.020072,0.020444,0.020813,0.021178,0.02154,0.021899,0.022255,0.022606,0.022953,0.023297,0.023635,0.02397,0.024299,0.024624,0.024943,0.025257,0.025566,0.025868,0.026165,0.026455,0.026739,0.027017,0.027288,0.027551,0.027807,0.028056,0.028298,0.028531,0.028756,0.028973,0.029182,0.029382,0.029573,0.029756,0.029929,0.030093,0.030247,0.030392,0.030527,0.030652,0.030767,0.030872,0.030967,0.031052,0.031126,0.03119,0.031243,0.031286,0.031318,0.031339,0.03135,0.03135,0.031339,0.031318,0.031286,0.031243,0.03119,0.031126,0.031052,0.030967,0.030872,0.030767,0.030652,0.030527,0.030392,0.030247,0.030093,0.029929,0.029756,0.029573,0.029382,0.029182,0.028973,0.028756,0.028531,0.028298,0.028056,0.027807,0.027551,0.027288,0.027017,0.026739,0.026455,0.026165,0.025868,0.025566,0.025257,0.024943,0.024624,0.024299,0.02397,0.023635,0.023297,0.022953,0.022606,0.022255,0.021899,0.02154,0.021178,0.020813,0.020444,0.020072,0.019698,0.019321,0.018941,0.01856,0.018175,0.017789,0.017401,0.017011,0.01662,0.016227,0.015832,0.015436,0.015039,0.01464,0.014241,0.01384,0.013439,0.013037,0.012634,0.01223,0.011826,0.011421,0.011016,0.01061,0.010204,0.0097972,0.0093903,0.0089832,0.0085758,0.0081682,0.0077604,0.0073524,0.0069444,0.0065362,0.0061279,0.0057195,0.0053111,0.0049027,0.0044942,0.0040857,0.0036771,0.0032686,0.00286,0.0024514,0.0020429,0.0016343,0.0012257,0.00081714,0.00040857,0
0,0.00051071,0.0010214,0.0015321,0.0020429,0.0025536,0.0030643,0.003575,0.0040857,0.0045964,0.0051071,0.0056178,0.0061284,0.006639,0.0071495,0.00766,0.0081704,0.0086806,0.0091908,0.0097008,0.010211,0.01072,0.011229,0.011738,0.012247,0.012755,0.013263,0.013771,0.014277,0.014784,0.015289,0.015794,0.016298,0.0168,0.017302,0.017803,0.018303,0.018801,0.019297,0.019793,0.020286,0.020778,0.021267,0.021755,0.02224,0.022723,0.023204,0.023681,0.024156,0.024627,0.025096,0.025561,0.026022,0.026479,0.026932,0.027381,0.027825,0.028265,0.028699,0.029129,0.029553,0.029971,0.030383,0.030789,0.031189,0.031582,0.031968,0.032347,0.032718,0.033081,0.033437,0.033784,0.034123,0.034453,0.034773,0.035085,0.035387,0.035679,0.035961,0.036233,0.036494,0.036744,0.036983,0.037212,0.037428,0.037634,0.037827,0.038008,0.038177,0.038334,0.038478,0.03861,0.038729,0.038834,0.038927,0.039007,0.039074,0.039127,0.039167,0.039194,0.039207,0.039207,0.039194,0.039167,0.039127,0.039074,0.039007,0.038927,0.038834,0.038729,0.03861,0.038478,0.038334,0.038177,0.038008,0.037827,0.037634,0.037428,0.037212,0.036983,0.036744,0.036494,0.036233,0.035961,0.035679,0.035387,0.035085,0.034773,0.034453,0.034123,0.033784,0.033437,0.033081,0.032718,0.032347,0.031968,0.031582,0.031189,0.030789,0.030383,0.029971,0.029553,0.029129,0.028699,0.028265,0.027825,0.027381,0.026932,0.026479,0.026022,0.025561,0.025096,0.024627,0.024156,0.023681,0.023204,0.022723,0.02224,0.021755,0.021267,0.020778,0.020286,0.019793,0.019297,0.018801,0.018303,0.017803,0.017302,0.0168,0.016298,0.015794,0.015289,0.014784,0.014277,0.013771,0.013263,0.012755,0.012247,0.011738,0.011229,0.01072,0.010211,0.0097008,0.0091908,0.0086806,0.0081704,0.00766,0.0071495,0.006639,0.0061284,0.0056178,0.0051071,0.0045964,0.0040857,0.003575,0.0030643,0.0025536,0.0020429,0.0015321,0.0010214,0.00051071,0
0,0.00061285,0.0012257,0.0018386,0.0024514,0.0030643,0.0036772,0.00429,0.0049029,0.0055157,0.0061286,0.0067414,0.0073542,0.0079669,0.0085796,0.0091922,0.0098047,0.010417,0.011029,0.011641,0.012253,0.012865,0.013476,0.014087,0.014697,0.015307,0.015917,0.016526,0.017134,0.017742,0.018348,0.018954,0.019559,0.020163,0.020765,0.021366,0.021966,0.022564,0.02316,0.023755,0.024347,0.024938,0.025526,0.026111,0.026694,0.027274,0.02785,0.028424,0.028994,0.02956,0.030123,0.030681,0.031235,0.031784,0.032328,0.032867,0.033401,0.033929,0.034451,0.034967,0.035476,0.035978,0.036474,0.036961,0.037442,0.037914,0.038377,0.038832,0.039278,0.039715,0.040142,0.04056,0.040967,0.041363,0.041748,0.042123,0.042486,0.042837,0.043176,0.043502,0.043816,0.044117,0.044405,0.044679,0.04494,0.045186,0.045419,0.045636,0.04584,0.046028,0.046202,0.04636,0.046503,0.04663,0.046742,0.046838,0.046918,0.046982,0.04703,0.047062,0.047078,0.047078,0.047062,0.04703,0.046982,0.046918,0.046838,0.046742,0.04663,0.046503,0.04636,0.046202,0.046028,0.04584,0.045636,0.045419,0.045186,0.04494,0.044679,0.044405,0.044117,0.043816,0.043502,0.043176,0.042837,0.042486,0.042123,0.041748,0.041363,0.040967,0.04056,0.040142,0.039715,0.039278,0.038832,0.038377,0.037914,0.037442,0.036961,0.036474,0.035978,0.035476,0.034967,0.034451,0.033929,0.033401,0.032867,0.032328,0.031784,0.031235,0.030681,0.030123,0.02956,0.028994,0.028424,0.02785,0.027274,0.026694,0.026111,0.025526,0.024938,0.024347,0.023755,0.02316,0.022564,0.021966,0.021366,0.020765,0.020163,0.019559,0.018954,0.018348,0.017742,0.017134,0.016526,0.015917,0.015307,0.014697,0.014087,0.013476,0.012865,0.012253,0.011641,0.011029,0.010417,0.0098047,0.0091922,0.0085796,0.0079669,0.0073542,0.0067414,0.0061286,0.0055157,0.0049029,0.00429,0.0036772,0.0030643,0.0024514,0.0018386,0.0012257,0.00061285,0
0,0.00071499,0.00143,0.002145,0.00286,0.003575,0.00429,0.005005,0.0057201,0.0064351,0.0071501,0.0078651,0.00858,0.0092949,0.01001,0.010725,0.011439,0.012154,0.012868,0.013582,0.014296,0.01501,0.015723,0.016436,0.017148,0.01786,0.018571,0.019282,0.019992,0.020701,0.021409,0.022116,0.022822,0.023526,0.02423,0.024931,0.025631,0.026329,0.027025,0.027719,0.028411,0.0291,0.029786,0.03047,0.03115,0.031827,0.0325,0.03317,0.033836,0.034497,0.035153,0.035805,0.036452,0.037093,0.037729,0.038359,0.038982,0.039599,0.040208,0.040811,0.041406,0.041993,0.042571,0.043141,0.043702,0.044254,0.044795,0.045327,0.045848,0.046359,0.046858,0.047345,0.047821,0.048284,0.048735,0.049172,0.049596,0.050007,0.050403,0.050785,0.051152,0.051503,0.05184,0.05216,0.052465,0.052753,0.053025,0.05328,0.053517,0.053737,0.05394,0.054125,0.054292,0.054441,0.054572,0.054684,0.054777,0.054853,0.054909,0.054947,0.054965,0.054965,0.054947,0.054909,0.054853,0.054777,0.054684,0.054572,0.054441,0.054292,0.054125,0.05394,0.053737,0.053517,0.05328,0.053025,0.052753,0.052465,0.05216,0.05184,0.051503,0.051152,0.050785,0.050403,0.050007,0.049596,0.049172,0.048735,0.048284,0.047821,0.047345,0.046858,0.046359,0.045848,0.045327,0.044795,0.044254,0.043702,0.043141,0.042571,0.041993,0.041406,0.040811,0.040208,0.039599,0.038982,0.038359,0.037729,0.037093,0.036452,0.035805,0.035153,0.034497,0.033836,0.03317,0.0325,0.031827,0.03115,0.03047,0.029786,0.0291,0.028411,0.027719,0.027025,0.026329,0.025631,0.024931,0.02423,0.023526,0.022822,0.022116,0.021409,0.020701,0.019992,0.019282,0.018571,0.01786,0.017148,0.016436,0.015723,0.01501,0.014296,0.013582,0.012868,0.012154,0.011439,0.010725,0.01001,0.0092949,0.00858,0.0078651,0.0071501,0.0064351,0.0057201,0.005005,0.00429,0.003575,0.00286,0.002145,0.00143,0.00071499,0
0,0.00081713,0.0016343,0.0024514,0.0032686,0.0040857,0.0049029,0.0057201,0.0065372,0.0073544,0.0081716,0.0089888,0.0098059,0.010623,0.01144,0.012257,0.013074,0.01389,0.014707,0.015523,0.016339,0.017155,0.01797,0.018785,0.019599,0.020413,0.021226,0.022039,0.02285,0.023661,0.02447,0.025279,0.026086,0.026891,0.027695,0.028498,0.029298,0.030096,0.030892,0.031686,0.032477,0.033265,0.03405,0.034831,0.03561,0.036384,0.037154,0.03792,0.038682,0.039438,0.040189,0.040935,0.041675,0.042409,0.043136,0.043857,0.04457,0.045276,0.045973,0.046663,0.047344,0.048015,0.048678,0.04933,0.049972,0.050604,0.051224,0.051832,0.052429,0.053013,0.053585,0.054143,0.054688,0.055218,0.055734,0.056235,0.056721,0.057191,0.057645,0.058082,0.058502,0.058905,0.05929,0.059658,0.060006,0.060337,0.060648,0.06094,0.061212,0.061464,0.061697,0.061908,0.0621,0.06227,0.06242,0.062549,0.062656,0.062742,0.062806,0.06285,0.062871,0.062871,0.06285,0.062806,0.062742,0.062656,0.062549,0.06242,0.06227,0.0621,0.061908,0.061697,0.061464,0.061212,0.06094,0.060648,0.060337,0.060006,0.059658,0.05929,0.058905,0.058502,0.058082,0.057645,0.057191,0.056721,0.056235,0.055734,0.055218,0.054688,0.054143,0.053585,0.053013,0.052429,0.051832,0.051224,0.050604,0.049972,0.04933,0.048678,0.048015,0.047344,0.046663,0.045973,0.045276,0.04457,0.043857,0.043136,0.042409,0.041675,0.040935,0.040189,0.039438,0.038682,0.03792,0.037154,0.036384,0.03561,0.034831,0.03405,0.033265,0.032477,0.031686,0.030892,0.030096,0.029298,0.028498,0.027695,0.026891,0.026086,0.025279,0.02447,0.023661,0.02285,0.022039,0.021226,0.020413,0.019599,0.018785,0.01797,0.017155,0.016339,0.015523,0.014707,0.01389,0.013074,0.012257,0.01144,0.010623,0.0098059,0.0089888,0.0081716,0.0073544,0.0065372,0.0057201,0.0049029,0.0040857,0.0032686,0.0024514,0.0016343,0.00081713,0
0,0.00091927,0.0018385,0.0027578,0.0036771,0.0045964,0.0055157,0.0064351,0.0073544,0.0082738,0.0091931,0.010112,0.011032,0.011951,0.01287,0.013789,0.014708,0.015627,0.016546,0.017464,0.018383,0.0193,0.020218,0.021135,0.022051,0.022967,0.023882,0.024796,0.02571,0.026622,0.027533,0.028443,0.029351,0.030258,0.031163,0.032066,0.032967,0.033866,0.034762,0.035655,0.036546,0.037433,0.038317,0.039197,0.040073,0.040945,0.041812,0.042675,0.043532,0.044384,0.045231,0.046071,0.046904,0.047731,0.04855,0.049362,0.050165,0.05096,0.051747,0.052524,0.053291,0.054048,0.054794,0.055529,0.056253,0.056964,0.057664,0.05835,0.059022,0.059681,0.060325,0.060955,0.061569,0.062167,0.062749,0.063313,0.063861,0.064391,0.064903,0.065396,0.06587,0.066324,0.066759,0.067173,0.067567,0.067939,0.06829,0.068619,0.068927,0.069211,0.069473,0.069712,0.069928,0.070121,0.07029,0.070435,0.070556,0.070653,0.070726,0.070774,0.070798,0.070798,0.070774,0.070726,0.070653,0.070556,0.070435,0.07029,0.070121,0.069928,0.069712,0.069473,0.069211,0.068927,0.068619,0.06829,0.067939,0.067567,0.067173,0.066759,0.066324,0.06587,0.065396,0.064903,0.064391,0.063861,0.063313,0.062749,0.062167,0.061569,0.060955,0.060325,0.059681,0.059022,0.05835,0.057664,0.056964,0.056253,0.055529,0.054794,0.054048,0.053291,0.052524,0.051747,0.05096,0.050165,0.049362,0.04855,0.047731,0.046904,0.046071,0.045231,0.044384,0.043532,0.042675,0.041812,0.040945,0.040073,0.039197,0.038317,0.037433,0.036546,0.035655,0.034762,0.033866,0.032967,0.032066,0.031163,0.030258,0.029351,0.028443,0.027533,0.026622,0.02571,0.024796,0.023882,0.022967,0.022051,0.021135,0.020218,0.0193,0.018383,0.017464,0.016546,0.015627,0.014708,0.013789,0.01287,0.011951,0.011032,0.010112,0.0091931,0.0082738,0.0073544,0.0064351,0.0055157,0.0045964,0.0036771,0.0027578,0.0018385,0.00091927,0
0,0.0010214,0.0020428,0.0030642,0.0040857,0.0051071,0.0061286,0.0071501,0.0081716,0.0091931,0.010215,0.011236,0.012258,0.013279,0.014301,0.015322,0.016343,0.017364,0.018385,0.019406,0.020426,0.021447,0.022466,0.023485,0.024504,0.025522,0.026539,0.027555,0.02857,0.029584,0.030597,0.031608,0.032618,0.033626,0.034632,0.035636,0.036638,0.037637,0.038634,0.039627,0.040618,0.041604,0.042587,0.043566,0.044541,0.045511,0.046475,0.047435,0.048389,0.049337,0.050278,0.051213,0.05214,0.05306,0.053972,0.054875,0.055769,0.056654,0.057529,0.058394,0.059248,0.060091,0.060921,0.06174,0.062546,0.063338,0.064116,0.06488,0.065629,0.066363,0.067081,0.067782,0.068465,0.069132,0.06978,0.070409,0.071019,0.07161,0.07218,0.072729,0.073257,0.073764,0.074248,0.07471,0.075148,0.075563,0.075954,0.076321,0.076664,0.076981,0.077273,0.077539,0.07778,0.077995,0.078183,0.078344,0.078479,0.078588,0.078669,0.078723,0.07875,0.07875,0.078723,0.078669,0.078588,0.078479,0.078344,0.078183,0.077995,0.07778,0.077539,0.077273,0.076981,0.076664,0.076321,0.075954,0.075563,0.075148,0.07471,0.074248,0.073764,0.073257,0.072729,0.07218,0.07161,0.071019,0.070409,0.06978,0.069132,0.068465,0.067782,0.067081,0.066363,0.065629,0.06488,0.064116,0.063338,0.062546,0.06174,0.060921,0.060091,0.059248,0.058394,0.057529,0.056654,0.055769,0.054875,0.053972,0.05306,0.05214,0.051213,0.050278,0.049337,0.048389,0.047435,0.046475,0.045511,0.044541,0.043566,0.042587,0.041604,0.040618,0.039627,0.038634,0.037637,0.036638,0.035636,0.034632,0.033626,0.032618,0.031608,0.030597,0.029584,0.02857,0.027555,0.026539,0.025522,0.024504,0.023485,0.022466,0.021447,0.020426,0.019406,0.018385,0.017364,0.016343,0.015322,0.014301,0.013279,0.012258,0.011236,0.010215,0.0091931,0.0081716,0.0071501,0.0061286,0.0051071,0.0040857,0.0030642,0.0020428,0.0010214,0
0,0.0011235,0.0022471,0.0033706,0.0044942,0.0056178,0.0067414,0.0078651,0.0089888,0.010112,0.011236,0.01236,0.013484,0.014608,0.015731,0.016855,0.017978,0.019102,0.020225,0.021348,0.022471,0.023593,0.024715,0.025836,0.026957,0.028077,0.029196,0.030314,0.031432,0.032548,0.033662,0.034776,0.035887,0.036997,0.038104,0.039209,0.040312,0.041412,0.042509,0.043603,0.044693,0.04578,0.046862,0.04794,0.049013,0.050081,0.051144,0.052201,0.053251,0.054295,0.055332,0.056362,0.057384,0.058397,0.059402,0.060397,0.061382,0.062358,0.063322,0.064275,0.065216,0.066145,0.067061,0.067963,0.068852,0.069725,0.070584,0.071426,0.072252,0.073061,0.073852,0.074625,0.07538,0.076115,0.07683,0.077524,0.078197,0.078848,0.079477,0.080084,0.080666,0.081225,0.08176,0.082269,0.082753,0.083211,0.083643,0.084048,0.084426,0.084776,0.085098,0.085392,0.085658,0.085895,0.086103,0.086281,0.08643,0.08655,0.086639,0.086699,0.086729,0.086729,0.086699,0.086639,0.08655,0.08643,0.086281,0.086103,0.085895,0.085658,0.085392,0.085098,0.084776,0.084426,0.084048,0.083643,0.083211,0.082753,0.082269,0.08176,0.081225,0.080666,0.080084,0.079477,0.078848,0.078197,0.077524,0.07683,0.076115,0.07538,0.074625,0.073852,0.073061,0.072252,0.071426,0.070584,0.069725,0.068852,0.067963,0.067061,0.066145,0.065216,0.064275,0.063322,0.062358,0.061382,0.060397,0.059402,0.058397,0.057384,0.056362,0.055332,0.054295,0.053251,0.052201,0.051144,0.050081,0.049013,0.04794,0.046862,0.04578,0.044693,0.043603,0.042509,0.041412,0.040312,0.039209,0.038104,0.036997,0.035887,0.034776,0.033662,0.032548,0.031432,0.030314,0.029196,0.028077,0.026957,0.025836,0.024715,0.023593,0.022471,0.021348,0.020225,0.019102,0.017978,0.016855,0.015731,0.014608,0.013484,0.01236,0.011236,0.010112,0.0089888,0.0078651,0.0067414,0.0056178,0.0044942,0.0033706,0.0022471,0.0011235,0
0,0.0012256,0.0024513,0.003677,0.0049027,0.0061284,0.0073542,0.00858,0.0098059,0.011032,0.012258,0.013484,0.01471,0.015936,0.017162,0.018388,0.019614,0.020839,0.022065,0.02329,0.024515,0.02574,0.026964,0.028188,0.029411,0.030633,0.031855,0.033075,0.034295,0.035513,0.036729,0.037944,0.039158,0.040369,0.041578,0.042785,0.043989,0.04519,0.046387,0.047582,0.048772,0.049959,0.051141,0.052318,0.05349,0.054657,0.055818,0.056973,0.05812,0.059261,0.060394,0.061519,0.062636,0.063743,0.064841,0.065929,0.067006,0.068072,0.069126,0.070168,0.071197,0.072213,0.073214,0.074201,0.075172,0.076128,0.077067,0.077988,0.078892,0.079777,0.080642,0.081488,0.082314,0.083118,0.0839,0.08466,0.085396,0.086109,0.086798,0.087461,0.088099,0.088711,0.089296,0.089854,0.090384,0.090885,0.091358,0.091801,0.092215,0.092599,0.092952,0.093274,0.093565,0.093824,0.094052,0.094247,0.09441,0.094541,0.094639,0.094705,0.094738,0.094738,0.094705,0.094639,0.094541,0.09441,0.094247,0.094052,0.093824,0.093565,0.093274,0.092952,0.092599,0.092215,0.091801,0.091358,0.090885,0.090384,0.089854,0.089296,0.088711,0.088099,0.087461,0.086798,0.086109,0.085396,0.08466,0.0839,0.083118,0.082314,0.081488,0.080642,0.079777,0.078892,0.077988,0.077067,0.076128,0.075172,0.074201,0.073214,0.072213,0.071197,0.070168,0.069126,0.068072,0.067006,0.065929,0.064841,0.063743,0.062636,0.061519,0.060394,0.059261,0.05812,0.056973,0.055818,0.054657,0.05349,0.052318,0.051141,0.049959,0.048772,0.047582,0.046387,0.04519,0.043989,0.042785,0.041578,0.040369,0.039158,0.037944,0.036729,0.035513,0.034295,0.033075,0.031855,0.030633,0.029411,0.028188,0.026964,0.02574,0.024515,0.02329,0.022065,0.020839,0.019614,0.018388,0.017162,0.015936,0.01471,0.013484,0.012258,0.011032,0.0098059,0.00858,0.0073542,0.0061284,0.0049027,0.003677,0.0024513,0.0012256,0
0,0.0013277,0.0026555,0.0039833,0.0053111,0.006639,0.0079669,0.0092949,0.010623,0.011951,0.013279,0.014608,0.015936,0.017264,0.018592,0.019921,0.021249,0.022577,0.023905,0.025233,0.02656,0.027887,0.029214,0.03054,0.031865,0.03319,0.034514,0.035837,0.037159,0.038479,0.039798,0.041115,0.04243,0.043743,0.045054,0.046363,0.047668,0.04897,0.050269,0.051565,0.052856,0.054143,0.055425,0.056702,0.057973,0.059239,0.060498,0.061751,0.062997,0.064234,0.065464,0.066685,0.067897,0.069099,0.07029,0.071471,0.072641,0.073798,0.074943,0.076074,0.077192,0.078295,0.079382,0.080454,0.081509,0.082547,0.083567,0.084568,0.08555,0.086512,0.087452,0.088372,0.089269,0.090143,0.090993,0.091819,0.09262,0.093395,0.094143,0.094865,0.095558,0.096224,0.09686,0.097466,0.098043,0.098588,0.099103,0.099585,0.10003,0.10045,0.10084,0.10119,0.1015,0.10179,0.10203,0.10225,0.10242,0.10257,0.10267,0.10274,0.10278,0.10278,0.10274,0.10267,0.10257,0.10242,0.10225,0.10203,0.10179,0.1015,0.10119,0.10084,0.10045,0.10003,0.099585,0.099103,0.098588,0.098043,0.097466,0.09686,0.096224,0.095558,0.094865,0.094143,0.093395,0.09262,0.091819,0.090993,0.090143,0.089269,0.088372,0.087452,0.086512,0.08555,0.084568,0.083567,0.082547,0.081509,0.080454,0.079382,0.078295,0.077192,0.076074,0.074943,0.073798,0.072641,0.071471,0.07029,0.069099,0.067897,0.066685,0.065464,0.064234,0.062997,0.061751,0.060498,0.059239,0.057973,0.056702,0.055425,0.054143,0.052856,0.051565,0.050269,0.04897,0.047668,0.046363,0.045054,0.043743,0.04243,0.041115,0.039798,0.038479,0.037159,0.035837,0.034514,0.03319,0.031865,0.03054,0.029214,0.027887,0.02656,0.025233,0.023905,0.022577,0.021249,0.019921,0.018592,0.017264,0.015936,0.014608,0.013279,0.011951,0.010623,0.0092949,0.0079669,0.006639,0.0053111,0.0039833,0.0026555,0.0013277,0
0,0.0014298,0.0028597,0.0042896,0.0057195,0.0071495,0.0085796,0.01001,0.01144,0.01287,0.014301,0.015731,0.017162,0.018592,0.020023,0.021454,0.022884,0.024315,0.025745,0.027175,0.028605,0.030035,0.031464,0.032893,0.034321,0.035748,0.037174,0.0386,0.040024,0.041447,0.042868,0.044287,0.045705,0.04712,0.048533,0.049943,0.051351,0.052755,0.054155,0.055551,0.056944,0.058331,0.059714,0.061091,0.062462,0.063827,0.065186,0.066537,0.06788,0.069216,0.070542,0.07186,0.073167,0.074465,0.075751,0.077025,0.078287,0.079537,0.080773,0.081994,0.083201,0.084392,0.085566,0.086724,0.087863,0.088984,0.090086,0.091168,0.092228,0.093267,0.094284,0.095277,0.096247,0.097191,0.09811,0.099003,0.099869,0.10071,0.10152,0.1023,0.10305,0.10377,0.10445,0.10511,0.10573,0.10632,0.10688,0.1074,0.10789,0.10834,0.10875,0.10913,0.10948,0.10978,0.11005,0.11028,0.11047,0.11063,0.11074,0.11082,0.11086,0.11086,0.11082,0.11074,0.11063,0.11047,0.11028,0.11005,0.10978,0.10948,0.10913,0.10875,0.10834,0.10789,0.1074,0.10688,0.10632,0.10573,0.10511,0.10445,0.10377,0.10305,0.1023,0.10152,0.10071,0.099869,0.099003,0.09811,0.097191,0.096247,0.095277,0.094284,0.093267,0.092228,0.091168,0.090086,0.088984,0.087863,0.086724,0.085566,0.084392,0.083201,0.081994,0.080773,0.079537,0.078287,0.077025,0.075751,0.074465,0.073167,0.07186,0.070542,0.069216,0.06788,0.066537,0.065186,0.063827,0.062462,0.061091,0.059714,0.058331,0.056944,0.055551,0.054155,0.052755,0.051351,0.049943,0.048533,0.04712,0.045705,0.044287,0.042868,0.041447,0.040024,0.0386,0.037174,0.035748,0.034321,0.032893,0.031464,0.030035,0.028605,0.027175,0.025745,0.024315,0.022884,0.021454,0.020023,0.018592,0.017162,0.015731,0.014301,0.01287,0.01144,0.01001,0.0085796,0.0071495,0.0057195,0.0042896,0.0028597,0.0014298,0
0,0.0015319,0.0030639,0.0045958,0.0061279,0.00766,0.0091922,0.010725,0.012257,0.013789,0.015322,0.016855,0.018388,0.019921,0.021454,0.022987,0.02452,0.026053,0.027586,0.029118,0.030651,0.032183,0.033715,0.035246,0.036777,0.038307,0.039836,0.041364,0.042891,0.044416,0.04594,0.047462,0.048982,0.0505,0.052015,0.053527,0.055036,0.056542,0.058044,0.059542,0.061036,0.062525,0.064008,0.065486,0.066957,0.068422,0.06988,0.07133,0.072772,0.074206,0.07563,0.077045,0.078448,0.079841,0.081223,0.082591,0.083947,0.085289,0.086617,0.087929,0.089225,0.090505,0.091767,0.093011,0.094236,0.095441,0.096625,0.097788,0.098928,0.10005,0.10114,0.10221,0.10325,0.10427,0.10525,0.10621,0.10715,0.10805,0.10892,0.10976,0.11056,0.11134,0.11208,0.11278,0.11346,0.11409,0.11469,0.11525,0.11578,0.11626,0.11671,0.11712,0.11749,0.11781,0.1181,0.11835,0.11856,0.11872,0.11885,0.11893,0.11897,0.11897,0.11893,0.11885,0.11872,0.11856,0.11835,0.1181,0.11781,0.11749,0.11712,0.11671,0.11626,0.11578,0.11525,0.11469,0.11409,0.11346,0.11278,0.11208,0.11134,0.11056,0.10976,0.10892,0.10805,0.10715,0.10621,0.10525,0.10427,0.10325,0.10221,0.10114,0.10005,0.098928,0.097788,0.096625,0.095441,0.094236,0.093011,0.091767,0.090505,0.089225,0.087929,0.086617,0.085289,0.083947,0.082591,0.081223,0.079841,0.078448,0.077045,0.07563,0.074206,0.072772,0.07133,0.06988,0.068422,0.066957,0.065486,0.064008,0.062525,0.061036,0.059542,0.058044,0.056542,0.055036,0.053527,0.052015,0.0505,0.048982,0.047462,0.04594,0.044416,0.042891,0.041364,0.039836,0.038307,0.036777,0.035246,0.033715,0.032183,0.030651,0.029118,0.027586,0.026053,0.02452,0.022987,0.021454,0.019921,0.018388,0.016855,0.015322,0.013789,0.012257,0.010725,0.0091922,0.00766,0.0061279,0.0045958,0.0030639,0.0015319,0
0,0.001634,0.003268,0.004902,0.0065362,0.0081704,0.0098047,0.011439,0.013074,0.014708,0.016343,0.017978,0.019614,0.021249,0.022884,0.02452,0.026155,0.027791,0.029426,0.031062,0.032697,0.034332,0.035966,0.0376,0.039234,0.040867,0.042498,0.044129,0.045759,0.047387,0.049014,0.050638,0.052261,0.053882,0.055499,0.057114,0.058726,0.060334,0.061938,0.063538,0.065133,0.066723,0.068308,0.069887,0.071459,0.073024,0.074582,0.076132,0.077673,0.079205,0.080728,0.08224,0.083741,0.08523,0.086707,0.088171,0.089621,0.091056,0.092476,0.09388,0.095267,0.096636,0.097987,0.099318,0.10063,0.10192,0.10319,0.10443,0.10565,0.10685,0.10802,0.10916,0.11028,0.11137,0.11243,0.11345,0.11445,0.11542,0.11635,0.11725,0.11812,0.11895,0.11974,0.1205,0.12121,0.1219,0.12254,0.12314,0.1237,0.12422,0.1247,0.12514,0.12554,0.12589,0.1262,0.12646,0.12668,0.12686,0.127,0.12709,0.12713,0.12713,0.12709,0.127,0.12686,0.12668,0.12646,0.1262,0.12589,0.12554,0.12514,0.1247,0.12422,0.1237,0.12314,0.12254,0.1219,0.12121,0.1205,0.11974,0.11895,0.11812,0.11725,0.11635,0.11542,0.11445,0.11345,0.11243,0.11137,0.11028,0.10916,0.10802,0.10685,0.10565,0.10443,0.10319,0.10192,0.10063,0.099318,0.097987,0.096636,0.095267,0.09388,0.092476,0.091056,0.089621,0.088171,0.086707,0.08523,0.083741,0.08224,0.080728,0.079205,0.077673,0.076132,0.074582,0.073024,0.071459,0.069887,0.068308,0.066723,0.065133,0.063538,0.061938,0.060334,0.058726,0.057114,0.055499,0.053882,0.052261,0.050638,0.049014,0.047387,0.045759,0.044129,0.042498,0.040867,0.039234,0.0376,0.035966,0.034332,0.032697,0.031062,0.029426,0.027791,0.026155,0.02452,0.022884,0.021249,0.019614,0.017978,0.016343,0.014708,0.013074,0.011439,0.0098047,0.0081704,0.0065362,0.004902,0.003268,0.001634,0
0,0.001736,0.0034721,0.0052082,0.0069443,0.0086806,0.010417,0.012154,0.01389,0.015627,0.017364,0.019102,0.020839,0.022577,0.024315,0.026053,0.027791,0.029529,0.031267,0.033005,0.034743,0.036481,0.038218,0.039955,0.041691,0.043427,0.045162,0.046896,0.048628,0.05036,0.052089,0.053817,0.055543,0.057266,0.058987,0.060704,0.062419,0.064129,0.065836,0.067538,0.069235,0.070928,0.072614,0.074294,0.075968,0.077634,0.079292,0.080942,0.082583,0.084215,0.085836,0.087446,0.089045,0.090631,0.092204,0.093764,0.095309,0.096838,0.098351,0.099848,0.10133,0.10279,0.10423,0.10564,0.10704,0.10842,0.10977,0.1111,0.1124,0.11368,0.11492,0.11615,0.11734,0.1185,0.11963,0.12073,0.12179,0.12282,0.12382,0.12478,0.1257,0.12659,0.12744,0.12824,0.12901,0.12974,0.13042,0.13107,0.13167,0.13223,0.13274,0.13321,0.13363,0.134,0.13433,0.13462,0.13486,0.13505,0.13519,0.13528,0.13533,0.13533,0.13528,0.13519,0.13505,0.13486,0.13462,0.13433,0.134,0.13363,0.13321,0.13274,0.13223,0.13167,0.13107,0.13042,0.12974,0.12901,0.12824,0.12744,0.12659,0.1257,0.12478,0.12382,0.12282,0.12179,0.12073,0.11963,0.1185,0.11734,0.11615,0.11492,0.11368,0.1124,0.1111,0.10977,0.10842,0.10704,0.10564,0.10423,0.10279,0.10133,0.099848,0.098351,0.096838,0.095309,0.093764,0.092204,0.090631,0.089045,0.087446,0.085836,0.084215,0.082583,0.080942,0.079292,0.077634,0.075968,0.074294,0.072614,0.070928,0.069235,0.067538,0.065836,0.064129,0.062419,0.060704,0.058987,0.057266,0.055543,0.053817,0.052089,0.05036,0.048628,0.046896,0.045162,0.043427,0.041691,0.039955,0.038218,0.036481,0.034743,0.033005,0.031267,0.029529,0.027791,0.026053,0.024315,0.022577,0.020839,0.019102,0.017364,0.015627,0.01389,0.012154,0.010417,0.0086806,0.0069443,0.0052082,0.0034721,0.001736,0
0,0.001838,0.0036761,0.0055142,0.0073524,0.0091908,0.011029,0.012868,0.014707,0.016546,0.018385,0.020225,0.022065,0.023905,0.025745,0.027586,0.029426,0.031267,0.033108,0.034949,0.036789,0.03863,0.04047,0.04231,0.04415,0.045989,0.047827,0.049664,0.051499,0.053334,0.055167,0.056998,0.058827,0.060653,0.062477,0.064298,0.066115,0.067929,0.069738,0.071543,0.073343,0.075138,0.076926,0.078708,0.080483,0.082251,0.08401,0.085761,0.087503,0.089234,0.090955,0.092664,0.094361,0.096045,0.097715,0.099371,0.10101,0.10264,0.10424,0.10583,0.1074,0.10895,0.11048,0.11199,0.11348,0.11494,0.11638,0.11779,0.11917,0.12053,0.12186,0.12316,0.12442,0.12566,0.12686,0.12803,0.12916,0.13026,0.13132,0.13234,0.13333,0.13427,0.13517,0.13603,0.13685,0.13762,0.13835,0.13904,0.13968,0.14027,0.14082,0.14132,0.14177,0.14217,0.14252,0.14282,0.14307,0.14328,0.14343,0.14353,0.14358,0.14358,0.14353,0.14343,0.14328,0.14307,0.14282,0.14252,0.14217,0.14177,0.14132,0.14082,0.14027,0.13968,0.13904,0.13835,0.13762,0.13685,0.13603,0.13517,0.13427,0.13333,0.13234,0.13132,0.13026,0.12916,0.12803,0.12686,0.12566,0.12442,0.12316,0.12186,0.12053,0.11917,0.11779,0.11638,0.11494,0.11348,0.11199,0.11048,0.10895,0.1074,0.10583,0.10424,0.10264,0.10101,0.099371,0.097715,0.096045,0.094361,0.092664,0.090955,0.089234,0.087503,0.085761,0.08401,0.082251,0.080483,0.078708,0.076926,0.075138,0.073343,0.071543,0.069738,0.067929,0.066115,0.064298,0.062477,0.060653,0.058827,0.056998,0.055167,0.053334,0.051499,0.049664,0.047827,0.045989,0.04415,0.04231,0.04047,0.03863,0.036789,0.034949,0.033108,0.031267,0.029426,0.027586,0.025745,0.023905,0.022065,0.020225,0.018385,0.016546,0.014707,0.012868,0.011029,0.0091908,0.0073524,0.0055142,0.0036761,0.001838,0
0,0.00194,0.00388,0.0058201,0.0077604,0.0097008,0.011641,0.013582,0.015523,0.017464,0.019406,0.021348,0.02329,0.025233,0.027175,0.029118,0.031062,0.033005,0.034949,0.036892,0.038836,0.04078,0.042723,0.044666,0.046609,0.048551,0.050492,0.052432,0.054372,0.05631,0.058246,0.060181,0.062113,0.064043,0.06597,0.067894,0.069815,0.071732,0.073645,0.075553,0.077456,0.079354,0.081245,0.083129,0.085007,0.086876,0.088738,0.09059,0.092432,0.094264,0.096085,0.097894,0.09969,0.10147,0.10324,0.10499,0.10673,0.10845,0.11015,0.11184,0.1135,0.11514,0.11677,0.11836,0.11994,0.12149,0.12301,0.12451,0.12598,0.12741,0.12882,0.1302,0.13154,0.13285,0.13413,0.13537,0.13657,0.13774,0.13886,0.13995,0.14099,0.14199,0.14295,0.14386,0.14473,0.14555,0.14633,0.14706,0.14774,0.14837,0.14895,0.14948,0.14995,0.15038,0.15075,0.15107,0.15134,0.15156,0.15172,0.15183,0.15188,0.15188,0.15183,0.15172,0.15156,0.15134,0.15107,0.15075,0.15038,0.14995,0.14948,0.14895,0.14837,0.14774,0.14706,0.14633,0.14555,0.14473,0.14386,0.14295,0.14199,0.14099,0.13995,0.13886,0.13774,0.13657,0.13537,0.13413,0.13285,0.13154,0.1302,0.12882,0.12741,0.12598,0.12451,0.12301,0.12149,0.11994,0.11836,0.11677,0.11514,0.1135,0.11184,0.11015,0.10845,0.10673,0.10499,0.10324,0.10147,0.09969,0.097894,0.096085,0.094264,0.092432,0.09059,0.088738,0.086876,0.085007,0.083129,0.081245,0.079354,0.077456,0.075553,0.073645,0.071732,0.069815,0.067894,0.06597,0.064043,0.062113,0.060181,0.058246,0.05631,0.054372,0.052432,0.050492,0.048551,0.046609,0.044666,0.042723,0.04078,0.038836,0.036892,0.034949,0.033005,0.031062,0.029118,0.027175,0.025233,0.02329,0.021348,0.019406,0.017464,0.015523,0.013582,0.011641,0.0097008,0.0077604,0.0058201,0.00388,0.00194,0
0,0.0020419,0.0040839,0.006126,0.0081682,0.010211,0.012253,0.014296,0.016339,0.018383,0.020426,0.022471,0.024515,0.02656,0.028605,0.030651,0.032697,0.034743,0.036789,0.038836,0.040883,0.042929,0.044976,0.047022,0.049068,0.051114,0.053159,0.055203,0.057245,0.059287,0.061327,0.063365,0.065402,0.067436,0.069467,0.071495,0.073519,0.07554,0.077557,0.079568,0.081575,0.083576,0.08557,0.087558,0.089538,0.09151,0.093474,0.095428,0.097372,0.099305,0.10123,0.10314,0.10503,0.10691,0.10878,0.11063,0.11247,0.11429,0.11608,0.11786,0.11962,0.12136,0.12307,0.12476,0.12642,0.12806,0.12967,0.13125,0.13281,0.13433,0.13582,0.13728,0.1387,0.14008,0.14143,0.14275,0.14402,0.14525,0.14644,0.14759,0.1487,0.14976,0.15077,0.15174,0.15266,0.15353,0.15435,0.15512,0.15584,0.15651,0.15712,0.15769,0.15819,0.15864,0.15904,0.15938,0.15967,0.15989,0.16006,0.16018,0.16024,0.16024,0.16018,0.16006,0.15989,0.15967,0.15938,0.15904,0.15864,0.15819,0.15769,0.15712,0.15651,0.15584,0.15512,0.15435,0.15353,0.15266,0.15174,0.15077,0.14976,0.1487,0.14759,0.14644,0.14525,0.14402,0.14275,0.14143,0.14008,0.1387,0.13728,0.13582,0.13433,0.13281,0.13125,0.12967,0.12806,0.12642,0.12476,0.12307,0.12136,0.11962,0.11786,0.11608,0.11429,0.11247,0.11063,0.10878,0.10691,0.10503,0.10314,0.10123,0.099305,0.097372,0.095428,0.093474,0.09151,0.089538,0.087558,0.08557,0.083576,0.081575,0.079568,0.077557,0.07554,0.073519,0.071495,0.069467,0.067436,0.065402,0.063365,0.061327,0.059287,0.057245,0.055203,0.053159,0.051114,0.049068,0.047022,0.044976,0.042929,0.040883,0.038836,0.036789,0.034743,0.032697,0.030651,0.028605,0.02656,0.024515,0.022471,0.020426,0.018383,0.016339,0.014296,0.012253,0.010211,0.0081682,0.006126,0.0040839,0.0020419,0
0,0.0021438,0.0042877,0.0064316,0.0085758,0.01072,0.012865,0.01501,0.017155,0.0193,0.021447,0.023593,0.02574,0.027887,0.030035,0.032183,0.034332,0.036481,0.03863,0.04078,0.042929,0.045079,0.047229,0.049379,0.051528,0.053677,0.055826,0.057974,0.06012,0.062266,0.06441,0.066552,0.068693,0.070831,0.072966,0.075098,0.077227,0.079352,0.081473,0.083589,0.085699,0.087804,0.089902,0.091994,0.094077,0.096153,0.098219,0.10028,0.10232,0.10436,0.10638,0.10839,0.11039,0.11237,0.11434,0.11629,0.11822,0.12014,0.12203,0.12391,0.12576,0.12759,0.1294,0.13118,0.13293,0.13466,0.13636,0.13803,0.13967,0.14128,0.14285,0.14439,0.14589,0.14735,0.14878,0.15016,0.15151,0.15281,0.15407,0.15528,0.15645,0.15757,0.15864,0.15966,0.16064,0.16156,0.16243,0.16324,0.164,0.16471,0.16536,0.16595,0.16649,0.16696,0.16738,0.16774,0.16804,0.16828,0.16847,0.16859,0.16865,0.16865,0.16859,0.16847,0.16828,0.16804,0.16774,0.16738,0.16696,0.16649,0.16595,0.16536,0.16471,0.164,0.16324,0.16243,0.16156,0.16064,0.15966,0.15864,0.15757,0.15645,0.15528,0.15407,0.15281,0.15151,0.15016,0.14878,0.14735,0.14589,0.14439,0.14285,0.14128,0.13967,0.13803,0.13636,0.13466,0.13293,0.13118,0.1294,0.12759,0.12576,0.12391,0.12203,0.12014,0.11822,0.11629,0.11434,0.11237,0.11039,0.10839,0.10638,0.10436,0.10232,0.10028,0.098219,0.096153,0.094077,0.091994,0.089902,0.087804,0.085699,0.083589,0.081473,0.079352,0.077227,0.075098,0.072966,0.070831,0.068693,0.066552,0.06441,0.062266,0.06012,0.057974,0.055826,0.053677,0.051528,0.049379,0.047229,0.045079,0.042929,0.04078,0.03863,0.036481,0.034332,0.032183,0.030035,0.027887,0.02574,0.023593,0.021447,0.0193,0.017155,0.01501,0.012865,0.01072,0.0085758,0.0064316,0.0042877,0.0021438,0
0,0.0022456,0.0044913,0.0067372,0.0089832,0.011229,0.013476,0.015723,0.01797,0.020218,0.022466,0.024715,0.026964,0.029214,0.031464,0.033715,0.035966,0.038218,0.04047,0.042723,0.044976,0.047229,0.049482,0.051736,0.053989,0.056242,0.058494,0.060746,0.062997,0.065246,0.067495,0.069742,0.071986,0.074229,0.076469,0.078706,0.080939,0.083169,0.085394,0.087614,0.089829,0.092039,0.094241,0.096437,0.098625,0.1008,0.10297,0.10514,0.10728,0.10942,0.11155,0.11366,0.11576,0.11784,0.11991,0.12196,0.124,0.12601,0.128,0.12997,0.13192,0.13385,0.13575,0.13763,0.13947,0.14129,0.14308,0.14484,0.14656,0.14826,0.14991,0.15153,0.15311,0.15466,0.15616,0.15762,0.15904,0.16041,0.16174,0.16302,0.16425,0.16543,0.16656,0.16764,0.16866,0.16964,0.17055,0.17141,0.17221,0.17296,0.17365,0.17427,0.17484,0.17534,0.17578,0.17616,0.17648,0.17674,0.17693,0.17706,0.17712,0.17712,0.17706,0.17693,0.17674,0.17648,0.17616,0.17578,0.17534,0.17484,0.17427,0.17365,0.17296,0.17221,0.17141,0.17055,0.16964,0.16866,0.16764,0.16656,0.16543,0.16425,0.16302,0.16174,0.16041,0.15904,0.15762,0.15616,0.15466,0.15311,0.15153,0.14991,0.14826,0.14656,0.14484,0.14308,0.14129,0.13947,0.13763,0.13575,0.13385,0.13192,0.12997,0.128,0.12601,0.124,0.12196,0.11991,0.11784,0.11576,0.11366,0.11155,0.10942,0.10728,0.10514,0.10297,0.1008,0.098625,0.096437,0.094241,0.092039,0.089829,0.087614,0.085394,0.083169,0.080939,0.078706,0.076469,0.074229,0.071986,0.069742,0.067495,0.065246,0.062997,0.060746,0.058494,0.056242,0.053989,0.051736,0.049482,0.047229,0.044976,0.042723,0.04047,0.038218,0.035966,0.033715,0.031464,0.029214,0.026964,0.024715,0.022466,0.020218,0.01797,0.015723,0.013476,0.011229,0.0089832,0.0067372,0.0044913,0.0022456,0
